1110111110100100111001000100111001111011000111101011001010010110 
0111001011101111110000101100111000001011011101111010111001111111
0000100100101010000111111011110111110101010111010110010011000101
0111111010101111101111010011011111111111010011011011011111101111
1110111110111111111111011110011111110111101001111111111111000011
1111110011111111111111111111111111111101111111111111111110111111
1111111011111111011111111111111111111110111111111101111001111010
1111111110110111111111111111111111111111011111111111111111111111
1111111111111111111111111111111111110111111111111111111111101111
1111110111111111111111110111111111111111011111111111111111110111
1101111111111111111111111111111111111111111111110111111101100111
1111110111111011111111111111110110111111111101111111101111111111
1111111111111111111111111111111111111111111111111111111111111111
1111111110111111111101011111111111111111111111111111111111111111
1111111011111111101111111110111111111011111111111111111111111111
1111111111111111111111111111111111101111111101111111111111101111
1111111111111111100111111011111111111011111110111111011111111111
1111111111111111011111111101111111111111111111111111111111111111
1111101111111111111110111111111111111111111111111111111110111111
1110111111111111111011101111111111111111111111111111011111011111
1111111111111111111111111111111111111111111111111111111111111111
1111111111111110111111111111111111111101111111111111111111111111
1111111111110110111111111111111111111111011111111101110111111111
0111111111110111111011111111101111111111111011111111111111111111
1111110111111001101111111110111111111111111110111111111111111111
1111111111111111111111111111111111111111111111111111111111111111
1111101111110101111111111111111111011111111111101111011111111111
1111111111111111111111111111111111111111111111111111101111111111
1011110111111111111111110111111111101111111111111111101101111111
1111111110111011111011111111111111111111111010110111111111111111
1111111110110111111111101111110111111111111101111111011010110111
1111111111111111111011101111011110110111111111111111111111111011
1111111111111111111111111111111110111111111111111111111011111111
0111111111111111111110111110111111011101111111111111110011111111
1110111110111111111111111111111111111111111111111110111011111111
1111111111101111111111110111111111111111111111111111111111101111
1111111111111111111111111111111111111111111111101111111111111111
1111111111110111110111111111111111111111111111111111111111111111
1111011111111111111111101111110101111111111111110111111111111111
1111110111111111111111111111011111111111111111011111101111111111
1111111101111111011111111111111111111111111111111111101111111110
1111111111111111111111011111001111111110111111111111111011111111
1111110111111111111111111111111111101111111111111111111111111111
1111111111111111111111111111111111111111111111101111111011111101
1111111110111101111111111111011111111111110111111111111111111101
1111111111111111111111111111111111110111111110111111111111111111
0111111111111111111111111111101111111111111111110111111111111111
1111111111111111101111111111111111111111111111111111111111110111
0111111111111111111111111110111111001111111011111101111111111111
1111111111011110111111111111111111111111110111111111011111111101
1011111101111111101111111101111111111111111111011111111111011111
1111111111111111111111111111111111111111011111111111111111111111
1111111011011111111111111111111111111111111011110111111111111111
1111111111111111111011111111111111111111111111111111110111111111
1111111111111111111101111111011111011111111111110111111111011111
1111111111111111111111111111111111111111111111111111111111101111
0111110111111111111111111111111011111111101011111111111111010111
1011111111111111111111111011111111111111111111111111110111111111
1111111111111111101111111111111111111111111111111101111111111111
1111111101111111111111111101110001111111111111111111111111111111
1111111111111111111111111111011111111011110111111111011111111111
0111111101111111111111111101111111111111111111111111111111111111
1111100111111111101111111111101111111111111111111111111011111111
1111111111111111111111111101111111111111111111111111111111111111
1111111111011111111111111011111111011111111111111111111111111111
1111101111111111111111111111111111111111111101111111111111111111
1111111111110111111111111011111111111110111111111111111011110111
1111111110111111111111111111111101111111111111111111111111111111
